$ANSIBLE_VAULT;1.1;AES256
62373139366634346539333535333265373934383862396261353539663039373361336637323364
6132306133313137633564363039626234643465306530330a356164613336396262626130653731
30313036353139343832643339383332616636366262356362373063656436663437646663656431
3661613534613033390a633931363861656337646534656164333738396466663166396564376333
31313330313266656163666532626464376230663130383937303632663935306266623064313437
34633665353636653537326636626338336439383637346463363031366665393165396531613264
39303730613161393137373437376662313434383639643162313462643933653633613730326463
64373037613663326564346237653939376131386462383061663430386337363637643962383238
31643663343861386162353337333762376333663032333138303232653862373331356635376531
66336665376364333339316139333837636335653162366133663031303134616135303962343535
35653266366562313833613664613164353137626237633366393462303661373531623861356433
38663536373738653864386330323835346364633033353932613663373162353937396531363061
62636239333434393866396264633437653838636633663264616664656434396638393235333239
37306666666630663161363431396536636566396333336435316166326439303238613961363630
35613961336130653962363737376633303539333330363632636133346234323165613734346639
35326537353333633865633661646137303862623131626333643335343438313036353361616263
39326665353566323731316465643437666164626461383330633337646232643332343937633863
33653462373863663034633665636639616364646231313464313735643332336432333033663965
39393334646233643966653161383831613364663139343431363234636235643965326138656363
30313837343135393133656536343765363432313064643432376234376666626637323164323564
37656333386634633563613237326463363032346435366365373532616533393134303236366533
66396632306338313138623966656161393933316230336363313131376133376332333131373462
62636534643535616162336639623433386266623234336561313034343730353963306264386162
32653562336562373232633365383139316432633832666132626534303434393937386334646533
34333037623136323338363937656132343135346534623839656461343566363061383166613063
62363039613134643266636337333561393038383633333834363631326161326134303063376438
31306638316534303133363438623138663134376564663264393433336634613664386138663166
33393936623633383238643366383133353338323865376564323561383065626239343566623332
36383533663966333865356131643434326365386630393635306239343837356631373662336162
34623335323261323364303032396235336637323439663564336638343336646363646563646439
39383165633132303335326466613735336462633730313862363963656635323866303539313731
35353637653537386364306136613337356438333362626232326535393663333739306332356332
35353736303934383264366431643837623262633431373735356536336566643531366135306466
32316431333964303738343338313161393934666164386139663338316263303736363630623162
62633936653133323133333762323266633634663766613239613665326335646531356234363461
66313935656230393035303662633336633433633264303264333862303938323134323164376534
63346136346336333934393733643663393362396239623965303566323438333230363063663433
61353534656437326131663637386539326539323238313532666665343133396430323661366235
32383837373135366365613832323538306139633431313761643432633862646165323262383365
37646234306233643439386664663137616338633263366163646163363730313664353436393765
66623133353361376330343832643964363035366262633162663031333732303066623462386165
35363238333532323434303438303730373330373130376539633130356534383730326663623332
34653330356163323939346461613732643364626637343134333864363463356339653335373361
35383461326638653130303766343936663365316334363139306364366466356566373761333266
32383563303334316132353336646530643935363762373335323038353666376438353230313039
33623065643330623165386665393730623137346236373935336431396435616162353336326132
65343138336464353561316334313637383938396335343034383330396532363433363531666239
61353663373333653138303631633162303039306466346166373363396463613164373239623061
32616438323365656538303861356138653863656233383034626338623863613536333664626661
31633064323835663865336537333736656633386631326638383761373061353665613133343830
30336639306165343534373130623332366239663837303266376631363730376334323534363831
33653039616430356263396136316462643838376634653830393733613639666338613730366333
31303633656438343337646634613735656530653364316266313638313536343533346332303034
33666532303733326364393763326463663134623862633462343566653639346162643766366435
37646162343537313865356536613065303130363635323533383962656339316264626266303566
37373861353132633661343536663635303962313338623039333635646562353264326339623964
38383936616638616435663835663164663564366239626135623061343730343336313936386262
31383534313166313935666265386630363565383830383761336463633862366562623236353937
64373762633630363164323733363939613666393535323232306562633261306339633539663335
30663337376264646532393866343765303238356132373335373630326363346364326236353433
36353361373861636163386163333038616338366636316364323361313939666365666361616366
30333533626137346232653566323434613064306131376666656166326565393866313832353430
62653465333865393634343736383133313464363830663965653332616665376361313530316139
32343431323363373163336264643764653536373632366634306633393435363038306136323566
65623137356235363134316563636365613166313264353737363163633238633732346664323533
65666131363734366333633262366261623063656265623463343233323433626264313461633565
34633938386164366237653838646230376634393637343563646463393965626365383463633762
62306630643862363638663338316563333536326633626164316437363466363561303733653566
32666163626135633439613362366337373338336566306363666234353339313063653966303039
63353736333135633066343761663861633631663339653933303936306235616237336637343936
31323436656261656339613437656337356363386663373265323438373931656665396166666436
64653335383032323863313338656233633662663935306365663863656533343961373361643965
30643562316635626634376230633364336538383238303966646264393839386433333030316262
63373231643433626139613537313335346435626663393066313831346362636662643163666538
63343337313965643964646663663337363463343362656631316337343464303266353239323366
66386234646361353865633461646639646230666332646364303035333265373963663730333039
35666263343639383562303562323566326263373135323363653738353239613661616132646338
63313336303334303332653932303836653535393638353062353465633138383964396338306139
30393033393733653132343433383766633436313462613761393936303366383832383034343330
66333864363336396163363466363064393832353331353364383131316634633335663633383862
33633436323761616537636139623566303737623433633439646333663938363237386535656636
36636132363261633139306366333039643930656461363739633635393465333362366135653034
64336135336630663465303030396431393762666265666532643836363039616438623635306563
35356161333364386631656631653965343936303631306565393163383932353836383466333962
31356638643138333435626364323132303839313462646264383835656233346538356634633664
31353731346432343965316631396363303435336432316462633936656265313337363765306165
62343533333862396431333232616561313566346531623431363635616234376434343438303531
61636536393231633132363432653838636136306566656431643238336262353466333937316661
37653961343237393135363861326438323534363330323434646132303566323433353166653438
65316634313162306137383439653333376533623361323530343465383739336363326138303631
30396632663762376438323263643963313135663562373336313837306437363733346165363034
63623965313135386239303138323064386136643530663038666566333434356137333963663466
66313662653439646466393063393164303262623232623762346261623338313234333661363465
36643633303362613064613336373432363562663061356436653363343230616133393238356133
62366364633938626435666437623934353164383863663330323035343139633661656233303062
35393436653233656333646233623437313432323965653736663164306565333230326431363434
65373439633835666334363734646161313763376135393531393938633738626233353962636431
65623936316239353837616466356335353961373366383831376236383361316539333539613235
64303361653638653136343835646639303435373233353464366333646333393130306462623230
61613731313664663432366135323830666265383633363565316263363565303634386237376563
62303934326637613131383266316166643863396338313734636338363934303935623837333731
36373134323736356462613466366166646134636664633164613064353439633138613430393138
37656439663662333461626231303664663332393463373965353630333761393533656130633832
31386263343435613037306461653762626538343733663532326437663036366265636137333261
38653861633332666266383132386435653337626537643536333239323735376663663031613630
63333438633236383334303431313339636435646139333635363363616539656238316134646138
36656234333161353761373936323863666436383637393064373130663933626434393661653164
65323335316234383061303232383839636235383339393434633264313666343333623063363134
65646364393863366531623964363538396539623838643733313263346634393264646664306532
66353934356430363662653664316135656664626537393638383934316461393965313032666532
65623231393663386365666636346562636664333462366430306239626230353531663266663833
30643830393861306430343838623732356161633061373030303566633066633762316135616433
36393262656461393239396233616338343532333635373038626639636435613465343835303361
37346431663932646136353363616164363437363930653731353233653536336237363131633365
39653738366337666466613634333966316364303264383863643337656639666139373639656536
61613331626165333436656338346235373864653562316434383338653164616465646336613131
39393333363762666666643064656138646663666461623261646532616337313234393833373362
39303936336365613866626362336339353734303439366563313662383431336536653731343061
61366531393361636638316664316536376433646266343332363466326166306264646262636466
66303738633639316638343734323332356232353136633562353062656533336465303536656236
35323032393064333666616439643064373930313132343562333031626232653330333136383739
64316239343038626135613539333835313666616530303364343930313830623436643165613033
64323932363762656634373466663261396432633330343765653636623137643964323164373461
65356264666238333033623437343030353835373938313539306136353333303761376336306532
30653138613831396563633262663136323736306533313733353432656131636636623333376330
36646465366439356138666266653239616463336331626561616331343433386165366264613239
32396365333638303961653834623633396637386361343938636635613438643361386630383365
63386562613038633765666635313766383734633464303663346339306638393033636131623261
31333632303463353437366664303063316539656434366335303235616363323861613564633665
63353834336235656364373532323466313635383633306665633636326661333962636139366163
36353735336331653935373337303939663663383662366632376466636364326632376661396439
63333934393733363439386531353335336232383832373264343037613231383064666639373939
32323862323563383865623933643261383935393235653764386266666562653935393538373232
35623363636636333738376262306334323363633431623465303461303931663837366439363338
34313466303834363834393539343538383265336263333436636165613735303964396236363136
62366233663739373566306339316432626131616664626335626137633431343834353737393131
63363335323961646336383733376234336430636632613863386638626130343565366365393230
33616232343733383133303363323434383564323463646462633430653733643333623337376332
32636331613836363064643536633739363031616634333635326465336566333434356166356263
39376238363062393136656630363534306636323032303832623662386263363939323032646330
38626332343664323037346237323430326363383033323464343635653764313437356432383736
38653432333361636331623135363665386539626330343062376636363438333737313531653866
30313733313435343433666436646637306532633133393462383032386439303337373836333430
62306635383065663864623161333833653133366635363338653433323431653362356339646534
63373562633933323835393837343837663464656664343563386364626239353936376665613661
31346362636630313330653431613134353832313332653731313461613064626337303338303733
36393938313462343764363239663862613266396666383033633965613434326434613835646362
39376338343065656465336464393032303163376433323062633135323131343630356330623435
62323734653731346166656466653238373439386131626536306265396266656639656561653537
61616531303539623735643036366235626238666665633334656466343735666132306136616334
32326234663534336537663166363662323734643564366562623737323862623637663738633435
66353837613762623566613736656662633165383930353838656363633561376265336266303739
35333535303430383764346564346236393332383163333031366163353261386434316532363835
31336638613266383566653462633663353338316533616664366439363064313933306564396236
31363830343738376663333031393461313733383265663032653664613666653262306133666566
64383939393831313564363835383335363261356461316262656231636637613033353131386235
31613561653235356432343233363335346362323932353762323436663166343663373461346637
36393637323636333662303133613361646434396231343065363738333565646263386134646230
63636333306537373730643835366539623764313430623539356438653532623135343238363835
66626461643639386339633638373833663463666139376363663838633164373632643262393637
63306631333732383639656663636438656561343662663261616362626562323933303031643435
64333265323535326130366435626261626364353662633266653865333666353061646366653632
34383935346330323931646133346136383962343661316632303262653032383236306530666339
62336235363739643635643863383862623563333231336161663364636664646161303963313830
31326135343766373663353264373130333031333238396338636366343462343963316661393866
63353339373739386165646461326361373130636431366164343232363930333637393831383633
38613464613163306263626536303830626162316432623765353638643466643561646565666338
66333666343630316231396237306563633664356130396466653136653266323134326332396464
33313730396238616465653535613534656366653038643462636133386132363061386233336634
61336266346562376361306131383731363133393430396635623833306438383639643334353764
32633439316361303264636561303062343064633339373262326636303035323566646364663165
37316238666337376239663164366235393963383232336432626638373237343462366666633835
66343565626233616437333232343863306232356132303866666233366233303132353337646263
3937666566346266396136306238323438393362366239313862
