$ANSIBLE_VAULT;1.1;AES256
62336233623862663730316132633138343463393432333863343239356466663962363864623466
3763386265623731343839336532633964303261633961660a363833626163613964666565326362
64623064306639383238333534623663643338386439393730326633386432326636303831653932
3363336633333032340a623362643135316464353530346635623161313735633965303030393164
66323534623666326333666439326336326136363835666662373662393663393263643465326233
62636532643731353132643965663137666161666435633739326462333331393839323039393061
35336134666264363463346238636332623435626464383834343533383437373935386561343634
36656437376334616232613239393937613133653637363462663339306231643764333361303334
30343663326434343032386265396530373364373663383435343463356464386339373730376163
36646638363931623432313932383831613738336334303463396533343033663637633762353638
35343364346564333466613735363338343133353432393862306664383639653939303564316666
32343138613533346562373361613135383635383265336532353139653634613862396136623533
64333438643435656162623234303762623734336361656336636236623734663139326464346630
31613737396336303830383765316632633631333331363564613538353161643665313339613534
37623734386536353636346436383131306265646433616235396431653762366133306533356132
63393838623233376231303830623237373439353666386132353838343263396634663362303736
62313633316532373339626632316133386165613838396538636362313731636661333661653531
63346631363935613231383161323664633032393430633462633534363962303931396161356665
33623364356135616233336639333231633431363531346631616234616634363561653834326263
34353664313766333765613530313334303063323639616363393564666536303230353465393533
32613561633765646635656462653832663035666165373332666162396338353836313636383334
32343534396363363664373665343034336661353665316161643335626431393036633434326435
36373337356437323438343263343361343365343739353662316535646139303531613063663432
30653663616131353937616136363637626633306135613830656664343838613731313363303665
35613238353539376436646463326263643739343763656661663636623966366536356364313435
66316637333263376165373630306232646266353832333838663637363364653563356432636164
61653663623032623539363865393234313035323233353836336564396630616562633865313764
64663131643039633539323033353938326437623331373630386362626261326465316631383835
64393837353930633766356465623730303437353164353733663465646138333234336564313863
35666164626535633930313733626432373661643733356338333866626431313063653265343237
32666461386262623936333539343065323837386364386331366130313961613039626532303162
32353137353362653737663032323061353437396466336531346332663232633939323365636239
35626238376435313464656338363733623065306461343965376336663537353038353066656237
39653730343831373338376666396330353131656363646464626263626630386238313034626461
32646665613830353435363062666266626434313738633766333931323962643566363538323436
30333631383139613134343364333263316365346364323239623238376563343731373038306136
32306139313835306462323831336239383031356235336435326533646262633362353432336335
39616439353861376237646435376631303434306264616131373463383036353865346131613034
30653032623966663664383834383732646265653966373661663463366261373463336137376563
62333133383235346230386566646463653366373136396537623135633261316464616362666631
32343631396464643862646233366235663736643932663235636634363764643938316132393863
35356332653634643935656663633339616264656366643338393563366132656632376539626161
35646537373238626339366638656165663362366630666432363437656437326138353034336664
66386231623334646662333537616462323030306234386663313638366239346464623466613033
38626566313764376464386565346137353063373862363461346330633634376330383463386263
31383836623764656634626161633131613831393565343164623761386663343930346536636237
30303837333036393162366566313834363333636466366433333964343464643465613962623561
61316436643361666539336435666538623538316637656338383666653437343463316536363939
33313836373062306531343231356162303331303231303835366162363665653561656163643539
62363162356631353834316630356634666363313461623231613932363436316663393333643631
61393966383735343435363438313435383736393261663838383161326661633233353961393762
33383332353563343562303334656532356335653062346230373865333939356664663239336666
34396439333833653963346131393361343863323236313766386161313138386439383035353530
62633533616664333731663866303337396533626234636362356230623333613463613633303231
62663131623036373938636634336437373561373135633937626333653830373433316364353537
30343639306362333731653433656563363635353834323831656139613332353130303365346530
35326364613636333866323966646132643964663834653734393139656138646339363164653137
39326130316166383335666230323265656631363066623166613433633036323031393436656665
64363839613434646639313532306366333937313331633065626232363731656430386666646131
37646633646564656437633265653763343633346535343066613365396165626565346234316531
35663834636339373031333933333264366435356138666262623763623464623031373065363866
34303964386666323461323030353164323033356630393533653237326664386164643632656534
65356563616663393735653065333530346661613565653361373963653164396133303563383334
31623862323437623666346134353237353332623432653436626431363637663963356562633862
65353239316564323537386332623330376533306366323466613332353637656631653035616530
65366236343464626136333537656461386164653935643962613339333833303366653766366166
31666232656338363932303332356234643761326637623461653031333836376235316130623962
36646166373731393866663461636561626565643831666236616461353565393331643139343739
39313836333965626636343237366338383335373532623766356363386131306463613965383739
31333533303736623137333965666636656563653561396130353832653762356231336662393362
33353534303664623739643463306466346361323335646533313865653238623538633735653861
31646232323236396461646130336434373833636536396262313061386138363530613038366338
37366465356263373861383539346661353535323234393837396638656534643662653431363630
63623538366333363663356263643637306332633137363962663762393362383764646161353534
34336334653266626437663436373639353535393434653536663530663334666163633362633530
34313732353335636164636332666362376232623962376634383835356464353164363331373039
34346463306233646330306565656236306264643537643838613331616534636265356632356636
30376339373161633239326136363936356266386362633233313964303664323032663932393036
37363737643032393432346432656465633832663334323135663632303964626338346233663333
64396335376237643430396465356162313431626630613636646266383933616433613333626334
36623234373030653365623930303832336461653362343537646234663665663236373565343739
61363131306438376133653766376138303633653765666466353838396536333864323965373262
61663931373135633265383430303632313934363534623564316233643930343239613339613938
31363265353264343662613231363636333035386536343364313534363635323264633733396131
66356166306638363664643263376131343163393563646331663064306630666462383631396634
35353864353833356363316666333231643932323862616266343030363230376337643262396137
35393161623930356364336630626233303336363562363639366564303366303235323237363639
63613339366561336431303866303231633337636662396465393932633238663965393438333563
62326337303334643836333465653638663161386439333235633862333833646361326632306461
63616535316562386265363764306231616535323939613732303230333233303537326238666638
65393739343631353363336134636332373731656661656364623064376439623436393037633233
37333366373131383162336333646166656562353164303930663433386336663264303563633465
65316531666636383030336636653965623536306130626537633063336335313833363339353766
39616233613431333262316632353139383461346162623539396664316537346337636261383736
31393039306662356530313934636162313630393534356566393037376231653664383266646636
61383665626636336335626161343864333031666164613563656538613630633263633238316661
39353764616131346338633232396161383132643231643738633531316432353265396331333437
32616133303730303062626664303439383831336463653139626532303635623062333435396232
63653731323833316163653966626664656134323566303666663039386262386132363132356362
37376635383339333964386638653663396538663534323935363532306432373936363331653231
61663865336630636164356161613563636434396133393935373266336530303032356264326434
35306336626235613661633936336430346236656638616234383264376334353161303438383663
64666232376362326264323165396362656537343364616264326338666435633837333037653936
62383730383662313861336632656464333539353737636565346530623065316435336435323666
30323839343966313135393532343533656430353139383234613038306262633332386132366665
30363537326337386338303566393830353765373235633932633764343531653064336562636538
66393937633865666332316139366162353636336630633230313737626666333266613966633038
31656336623330646561636432633838336230353965633638393663313061373138646331383831
62663939323032303232333363613236663734373266626330396664613562653739316536346232
37316435376462373163393163393030323563326266343731313930663362353237663738373563
64353665353538323061313539303062663831666435336666633962613063393566336134643761
62383738396262623662663538356565643336656138636363376334323162343765343832613539
38633262386665663036376439666135343830326266386530323532396435333161353361386565
35306531363839353066656133333937356264316562643938316235323964666638646438316630
66323964663863653934396334653065313862663136383465666432643632326433323132366232
62353663333134363835323561646166383034626165656532373564313239306362356430626164
38343464343638376234633261633337613062663164653662303662353534366563343266653333
65333335623335306166666437316636666661366335666138323239353539313533663865653761
37393935363864623531643461326165633765653134376435316138306665303433363537383238
62333334643162303666306236376638363966656332353633303339616563336439656433626436
31336136323338663134396566633364323630376632346639323333623230303034663336383266
62363333363833336235653863303265633133303038633433323764626166343732376665646638
31663333316261623230386435663235636530336565386361376662316536383536663863396439
32306237333066313663393966616138373339643266323465376430313833373463363230333265
63643934613333366262636562323034366238623236303730636638336565373261326631336462
62393763633731363034363136386562353539616263353963343738383935666536386264396162
30333730383830656634646565333063343331326230313030653536303566323330353961626537
39396534393263636263376630363037393363376665633864376237396266383738356334316566
37636365373735383532303537613366626631336533653964366135386230663332373938663334
61653434633137343139633231653439393231373436663233663865313131623265353566346639
30383739663234653663396134393035646630396264653263653938623037303238666137383262
66376634333531616431303732343637343233633737353663326530646430343339303932653633
61393262633666353863396666376261366138313463313136306635303932363663613161373166
62613133386538613465363666313731326533316666353763373932323031383531316139376164
31666363623436383634383737633465373332356630623836393765653736643066396462393065
62323937316430366631383939616232613835633739303230333061356233643430323531386563
37666161646630303933383630626261323866316130343764663962396166646435356234313063
31333431353233346162316366336430393961343466663062633936376433633031363431663539
33316338303038316466366235386264373332613533653266373165626230623361346331353634
35386331646437633730633237623935306532646264373264376230623232343236316233633134
61346665613833363066313536653561333937326563616135363335666161636561386362336233
64633734393431376239663138353432303164623439366134613030353837363935653265373136
34376430633363626564613930316562303133616236653433333466653661333737656631393735
66333031346633393339626466353361663366333035653136343934333039313637353733393866
62306462316234626261643937303631303539343635643835373631366532313035666139613234
64663438356635626239343334353831316664306162306135313131343635336161633761656265
62653663613737356237383763343933363134306432633133366437643364306534366133396539
66373734356430616232303639316630363533346335653339663864383362633235356131383735
65393037313039326232313739303935346535326534363934613866353834353739623733393762
32343064363936303131613730343562396331663062306662383533613239636161393938316538
63376561663663663962306466313831363163316631356361383339616234633837303965353636
32306637633438373937303833616335356533363434323237373036643133353831333162333031
33336466393761393530323639666265373165343135316263306339343739643135656536633235
37323234396133663661666461636235303333363731363465313031653233343038336331376632
35383133393837643939303564626537313739623630343739613633336361386134396462396432
65643961336562326339333932333831396165646363393239356435373837376635363936626331
63396465373331646161646165333337376336626365346430666535376466303365343161633539
65386164613134633134396130626633633634333761303334643763363634653336656539306132
64623231353961333461363461626266636562343563633934626630346439356231366263636131
63636332643632623832353636303839623533643236653339333935396164613536653033306663
39623938626537363066646435343939303835373935333831346236323634616237373532393363
38326165343161313231396639393565386664383665633361633432646264333564373732363833
32316366663533333264623930336263633030353738613435656336383130663661376537313666
65633437643131633462643139346434633363303966346635373263633065653966636330356339
36333336313832656265633933366462386265333732323938623366393963356534653262373533
63636337623535336461656561333535613836323861323731616161343535626238646665336239
30666132396139313962373463643661636333616563396366363633346531343530313738653636
37396461646330373936343862316433336237386435336336653838646432323634653034323239
39613433383933663737343162326331323438636637393732313263646237616139623233316136
35633666383232663964626363653634616364393837636638663631303465363265626239343532
37376236613166646235313965393037303735353137353064613734616564396430383863363930
38646531303934333364353938383962626131643538313533636337613962363733633938303336
38373837633335636264353565373331643537333439326463633832373264623463363036383664
62616332653236626563636562393733666461393232313164386330386432366366646166613261
386334656561333738623734353835373037
