$ANSIBLE_VAULT;1.1;AES256
64623763316235383065616130393437633837383765623164633863633334386135363534323035
6339663530383238666263303530323763333364653136340a663631323262363632633064393838
34323836353838323166636264343432643238303331623738363862636630323532393966613064
6234343834393665610a643636623736653030376438303735393433646632366537306339313766
62663536316232363965353166373738363530353162333033333635313636363464353663383938
65366431316566353137616436373061623935353031646266323962383534633864343634346436
32613463393339336537316536633233386134323163653439663832643132613737646564346163
64303564663534323961393838623032653066376533343835346433363065303230373365646266
39363332396233363464643833373461356539653661643931623163396161616237663137316131
38383266613761643931373131306537653261623965666134656165343037353131643438303333
33613538393532393637616361613237343862656330663237373963396330346135383136306264
37343262626439346534666665636264396234366331356538343764666261336261653736643132
36613232326661333337323161613837623366363930656462396539616561333832383336343663
31646639386161373466663461616362626165663531363463363061613161336333396461396564
31623366656662613236646132633631623164323839626466633363636630383239353131306266
65613234356465613566636365336361623730323239303664316533363731303638653735643766
31323433353131333463376631616363373438623466623639303330363066663361353732356461
61623037643432356261363330343234356633666363396636336239396266656166666539386538
31323730363835626362383736626363333535313261343530346432623237306166336632346664
63353936316635303439343131623538653630356337386437336632303265363036616335373562
35646436363239323663396130636166356165373662333034643662336231643832383466656237
61643132613365323832313966326330646631353034633231396564646236383363666363366262
30356431623032623732363766626636623462643664333233653831343836623366623666393864
35396337363130663332343139323034376261336139396433613463313531666233613733303731
37373430326163373438383131373737663731656437623134313730653961643164646462386664
33636339353566653562323937363934333534363139303031343038373734306266396238376537
31363639303035393263376436613636356262373834353463366338383137613863363462383539
37376434393438646366373637363464656634646236333636643838366263633236346437303464
64666438663031356561353863363163656261663537366130613734616539376461373331376335
64666132353964323037376164653637656135386332333533373166323032663435636134363230
63393434636264373564643333306566643238653464623964326536616461353864313932313330
39333933626631653836613735393034343566333964323361663631303835623039623264656630
31346235613965623530626266643537343238313137373332396537323961336633346532393265
36373836623237343265356264383135363336633333646461653034396230643636666635396566
36656237306561393266646634353235393037363461396665383666373839336366336365353934
31326335366161313363616131356537396534313438333439663561653139633335323866393135
32316430323632373430333035353030656264303035356563613133353738663338373130336634
31323762646365363963646531653038353263363433656135393562306536383564326432386431
64346163643566333530396464343562316431666434316261336230373230636339303636326135
33383764313164306336626437323539633663303932393630373834316239636639346532303933
63353161396533323566636462303366336537343365646435623735386638386661393366363833
32356134313863643836616337303831623538306231343862316131653337303933646165306437
31653537623162303232306166636235383363306532623561356332663466336534393732363835
32656234666231383237313264386534633763643865386466363464363333633030383662616132
37326664633864346335633137616530363733633066383530396430323931613163653465646438
38363339636132613763343133396330303139326265653335363338663836303439663639356636
63363965383730646461373839373061656332323161656563303765373535313862303764656664
31653364636637343539643561636661386138336539343435393035303330616563636663666366
36633833323730626263316634633166613934363933396362373534636336383830623237663263
35346630346462353439333337336566313866653837393463343165316636626135643232656363
35626263393564613966613436623836343134326337656637663763616239306234633664653938
65633533376232323266346632643330663237393831343030386435363937633238396536323438
65383265343465376536343737336162313939343135646461636365356261666466386363326466
63633537343039396366303131646534626265626361393736643232643638653332393562613334
34633362363031313966376661616532363835313431366636313164613966313930613562346137
30626132373231366539653531313834373834333564353263323934333161623532363232623063
61373263616536386364353630653363663534396434663565303130383862303532323965373366
36353234343033373232653936663037343464656536323166363064353965353339623836623036
33306339353532366338343764383263323136626262356535393934623933303861333733336365
32313833633938663333316430643237346232633931313130376534653966396463623264623134
39336631613731376336613463363834643030363161653361616166373531333265303638313966
65343634653630323766656664613335383935373230613738316333333765313466313438343135
35613836333461653833336431393263396338326439663133363862366163663039366239353163
62323565653962373631326334653137646132626335353765313563313366633332643632383663
38663331353237653962366538626439313430336431653864663362363932626338396439663563
63343133373437653630336338326462313964636261616134636465316434643063613233306263
37346564313836633462646533386636396432313561316433373637373063326538383466333038
64376432386238636366346437346665383835313537393335653738346633313861393435333666
64653933306339646635393364663963316438346331376466373339653065366630343639323761
65356334336632623736373834313637393761613639366463633830623663626435333262646466
38386530313432333332313835333137353734613136373830626239353663346237323834316635
31633965306466313230346233623165343830343633303732373034396434356435633564313864
62346134636137636263656233653739323739363966303732636437313133323163306235343263
35643537316561386132653265396236653033343162363834376235653631613437616439633237
36363031366162653466376238633731356633343133643037343064363734346438373236346631
63396265623939316331343666336164653362383431623437323661656334616338616362316561
61303365316539303336396134656435373935386637303733373035386539616331303737633335
37666362373738666564626331343632363262386664373130313536353064386165613030616661
35663066633865343938336237643362306161383331636634343162303962356361326536316661
36363063343131313535353339363964326562313633653834613239643263376135333130393665
34353231323761653639386233646130623865646363653465353537373736366264656264663732
36616666323531346235656532386464663661656532643930306330356434613066623265623534
62383361663532626665633331306139396462373037383732363032306339393634316138663561
31346666356432376533353563346635613938633133613533316632373363393732343466346263
38613139623365316530346266653231663239303336393066363564336535303431326334656230
62376439376463663335393534626536666332356464633831643164383265383431656437616238
65396230396330613566643036633961323639643635613035626165303131613239386430616663
31323062326130396465393430616464633466363534313831643030303735303932643534643538
66353838363733393432616632303961316563626131663237666235616533633763386434343733
66323066643631383461643937323361666264623138646538313133366138343038383939653837
34626366343266336435366637313338353937303831663734626632383538663731353334653830
33303639646633656263643762333238356331666538313862616431656264376365343161323163
64336136323262666266343833346539656138333933326264646565356339356431663964663562
36643661306435393733396231353039663732303162396238343366346565613731623536633135
31336439363030663934333437643762626237313834343562656363396535376237303136306662
36363064626430653138393631313862636132663838633933636365303731616538343434316233
36333639643566353264653034303366353938666137663035316135343336366361306661336362
31313063653037613532663166393035663039373239336365323537313462306163393665353261
63333333633739623034626465623731643534393035383136313335306261643830313532363933
37373636333064383066663431653366656530616434343830613431376532303234366462326164
62386638363066383834343932373037316132386663643832303164356561633932323037313335
37653563616464363865316632363136393466373236376363383465396335663862393865663465
39383865396333623739316631356438353638643939333936623232636361633135373338643837
38356238616461303734636431376162323139653437333966356461343964313939323838643139
37333031613438393435363634613932346131303965373830343536326334643034656438383161
38653666653864656335303835666335383864633866623737363133656565376363633933313932
38616462343731306664623837346462303733663462666362353461306435316330303864366662
63626339376165636635306364616630663139636639376165363731393864646565383963636664
32656136326263353365623234326564326263323635306439353561666230393332353932373165
32376264376133313530656561333662393637373037313961393164353039643964643635633936
61303438363466613264323339393063313338383838303361656333323666366230653662636663
38343763343062316664656438323762666533306361363933663861373033336535366539383064
34366266346135613138376233316330366134356537383963373737666334306231613466383565
39653232623131346130663163656462306262316663383838356563653839636437646635643632
61376531313034353132333462373436346437313566613139393333343434346566373966373565
33663734353932366166346162313861343838633865326434326466393666626538613936336566
63623766366139306161376366313831336539646166313734396532323437643034313162353232
63346634663132306333323035336638623132333939373864306239313766623662323832333963
66376361636330393639396634666430306134373832363539633134323730386162633165383334
61623265616363356430346537333264646339313638326536393636333531323636383262353038
66353763316537613532306235633738303331623331623866396262313363303064623763336336
33383561663630393437383436356230666632643965613763646635376465373265343838656137
38663339653732633133666535306662306238306439383831343363623830636634623935623838
64353339363635376262623762666438303964646632313938343763303261643939393464636535
38323162613137643537393836613636323838666232613031353738663939383264626530373338
34326630656464316664343965363734316639653432386361633666646262633930373136396162
63313965346363306562303765373235313166396565633263623430663165366632636463346361
30353232616338623361373833303064663361613031636461386166303634343737613663613932
36346136356136386435366639626439336631336363303334353831626234613731363061316332
34653632316337336666666436316465316233356165653238303363383830653733656135353561
61653365336639613638656630313463623936326433363766303538396537393065346335613132
32623762336132333533636335363330663233316566346464626363333665666130613639363034
61393232383031666637343436333430643236376133646532336363626431306637356662656136
35623237323766633238333261333539383134623330366139636633393066333464666630346464
38616638616664663562336532666237343336643035323636613862313165653666343133666466
31323763653439363335633038363039386539393237303535343537616335316265666531663937
65323663646438653666613663333932316633616335383436336637643263323032663730363531
61623337356434623966313331643932633631366336373332346634393232373230643465343638
63386265623637663438636363653832313330643436306336316564396365656139376136356131
65373463303430386237636366323763643435636139646632386532396563336665353163396466
32303034316364386638326463366530393930616437626564663561636132373030313930303833
30653230353935353431646465316362376434313036636664313934623662313036626433313335
61633032306135653366616333633132313563636637393130646233383161313730353939303662
65623539663565333137653665393331383865316435623836383733336364336365383133353731
63613866363936346666373834343166653835663139323838633665353235653763326434346663
62363537663136636364303064626665333337313132386237646263333130383938393938353132
65326635616133623035663639383861333364336463326630646336333930626639653264643731
63313639323362383763343366376436396634623536353962363930653763303638653231376466
65613262316432343536643436316463346132333236633737393435326565613134356666616666
35333661386130646363663530366264653961383366616461396436356333643135646231306531
31383037313131323731323536363961303532366135396431343265636235303939313135646337
37663162306138643030623364663230316363636165656134373838346632633463356438373566
62303063393437623264383466386365386630353035653663393265386164303331376531626664
32323031333863396432353861623666333336653466643065316237366465306361646434666631
31653638633661373661386431643233323666366439346463386237666636636361373937373330
33373563666532623339313737366435356265316233373037306166653333316638633664636564
30616437626632343031333131386430623134626263613663613136393339313566333837333130
66383235393432333566613132363261383666616637343664663938363537363936396263663038
64363564363366383631316564643662313862393265383339623135353532643938343464346163
35386466313632333236653765306639343436613434613931653433396663383436656539313164
64386638633264316663643837396439346338333066623438396435616433346333633733396133
31333438653630626331346434643638333237386233616438623939623032343166646565656131
36636530363166643237303464643136373536333737386366383166666332303639376535396239
30306562663336313863363566643536353330383335353439326533373832373230376432643866
64326538386336353436393665366163643061373237376539333230353737396231373231336638
63616664353331333332646463636631386531346531393764643266653863386563396166306131
33373962376433353831613465356662363337666264353833656631323036316462396463616131
30336530386537323461653833313239626337633031346162393330323466373465313238353962
37323666643566373561306133363531356362396162306536336466346365386337653134353566
62323932663666303934363136656337303865626636346632636334336337386632613039326666
34316166663739396561303335653964393938323836613161656335353636346437336666323765
32643838316539653532306161343665656466383561306462346161363435383439636435306234
36373339316266663838393164363065643638346564653461633230316336396535313137653663
3466363365626662343039653434633139306432323433396262
