$ANSIBLE_VAULT;1.1;AES256
61356162636432396638333933653335316234383365353765646137373434666566643862393562
6334326132626665376438326436316134643661303634620a356234343061666338636135386233
38356233646461376636303334386261613537323833623735353866343737636132353332303262
6266363664393366620a376239346233643336316565373936616635333834393739386432376661
36336438383063313236383666623034633635393462343161663063386137333164346665366165
33376632383139333763386138386638643838653736376638386231313537646633666636376565
37623863373266633430386131366462373162633765363438323534653762313839306564386165
32373366646130393033386663666165636465613564616464623763633263333035306261653237
36663831646337643337373930396562663136356336336239396437656635643361626238653832
61373133633266653432306266373633303931333935306462656439326530306463636536363763
64626335306130346265646136306565643165393930633566383563343033353537363934326131
35373165613534356165383434356666653866363535653761393864663735626564366538633839
61653264373531353234323037386261633839383536373365633165373838313064633966666637
34643930356338326438393738396466613863373861326338653139623736653434626361363063
31313066383130643436366463323331313564303033393730636337323665613835373838343731
33393730383339366532393961396238383561633435393931356162333330336137636234616633
63646165663137306261376666653963373837303437353837343639333964376337326665383866
38633038336437623538356165363261333531316562346162313666646533386133623130386636
36663765316130336439356265366263653065343334383533306666633737623237306165333439
61346138396133643633303739616163656235353132366138663463613763653232373363643836
31336338643732656666373334633765316131396661633165326239636337626335336336373438
31343434323437373366376139366631356564376561653933616662383062653437393161353638
30623163383166633638323032613534393130616230343530386531633535616661346232383635
63376130356333653139363334383661353861383361363464643064666164363262656631633064
38366262643463623631326264313633386533623464636363373239636465646333613061366132
35346538396536303936336666386265303262646532633630613266366130666238323537376161
32303838373061313463346339646431383931363931336336336162333862646265653932323938
30623763353136663065366631653565616564666431633037353133353337613637393661313563
65303436313134633232316430326634386266343239646262653761386436316438336337366561
38376131313932623236393936346363663433353262623366373732336135646435383235636138
31386262646461336334303434613938336262646465626632323630386563356561623965313263
39653362303035653866643539633530356231303538343466653736383263343132613463376237
31376336316531303637653835373239386337323036646562623137623233393062656266353134
35353861653738323333353538396464613032373437373038643832396539623433353835636165
34373736663264623366653764373365386137313539393637386261343238386330396134396633
63663232386230373038313736633562663562313164663631333333646564366330333330343963
64303834313462646633396561326561623265613834666533663862613962346432356339303235
32373961383531623364626565303933343038633533396166356437623539383437646434626261
37313561616637616530613365626462626532663035636433633934623864353038353764343635
30316262336532363933623561393738656162353337373738373964616265633033363339653561
36353337643130323864656334366562366635633133376436663137643635613831393131373533
34383231323935623637386562653965656334386130613362363065633838346537656438393262
39383237326431353663626134303736353263356465353438336134356661653838656231356563
63376636336663306230323465656166666362333931303537313833333634663663333339663139
30303737663034356239616635643366303339666237643166376238336561643433656433636266
33636433303630326236656438623539356637643862303861303661626437633563616564303130
63616136356138313236356130326236663734343731613462633135636566333261303031303832
66306363313230616664613533386662343366656231663863323033356163393831353232373761
38633162386462663337306138393565316538356230393662306433383932323465353436613335
63656535363132343430303763313031663739386534653330333161623364363236356266363830
62306239343137623862643532316235306137613638376431366362616239633766656466376338
64616434623865626362636631643333656133653732386462383835643738326135636235666664
36383038323065396631373062383638313965386530336238336339333463663636613661633936
38616130393032633239373238626132646630373666616239613733646233316231643239303933
36366562313163643661303638326266623966376364346564346130313134346639303333626635
30646466356365386562343966383666633730613939653636373961386530616162386365323661
38613937346434633530376261316166376332313030316239646234316230663636633162633637
35356365363430626335323366333936396139323438383162643936663063663137663566393865
36623934343262663037383336643137643434636439313831343537636431343639313939323031
39393139623261303430626661653761633036396563393330343033353933363363346638356234
62303733356239323265393734616362313665333166613031373865326166613035653062336633
63376663303834393932303463376535633032326361653563366463613633373864326330386139
35663861623432643933616166356261366164393032633638633466623132613461356133366133
34376431336237393539613463646336343134643730653661626465366465386235636639383265
33313436386232303664393365393563376539306137643363346364653338656435326638306537
61393738386338623332303265316563633338393261366562363031626361323732336339343238
64356438383939323537656632613939373030636232376561306438633934393263333139663332
32663663386334633963366237316465643236646365326132623731643134383266346433653166
61626464373431643965303461663563643435353037333330643865666332333330666235313031
31613932343865366432626332303662323730363430363537343162376232356339333165653564
32383633613735313161633334393430373834346538316433653432653832313166346461343066
39613166323331363731323532643031396337643736326366393861303031663263336266313336
37626366363966343637653435626237376339653935356533346531636561383233333066643734
64386333666639396130306665353736353432346431666466393831333833636139383635653330
61393230623262343734643466393230616565656363333830353632313032313232663439316261
32343735613237633138343132323164313966623134636632626639656566653332313833306639
31326132356239363331646638343261656463396637376662363934613137303665343939346238
34656561623566326433353836653434336537323033376532343930343564353966616463383539
38333130383763363037383832363865613732343836653336353533666234383230653537643435
61343864386261653038613561636436366563646662646464343335326463333266383832666530
35323933396633336565376637333534646238383637666438336137383761316432353637616561
66346334613831303564663565333761363862613232646463323739383938396363633066616438
38366531636463323034626237396134643634373663343565353162323166623166623736363164
66653935616562383464613363396534383638356263663935353030636338613838666332373236
34396334353739336134343763623464656433653730646338383364663464616539363064613030
34653532653666313638623463363931316635666631393637666132633964613537373964663730
66633733373338646530633236363237623061653463393138303335396437656332616466626566
31636563363761326161306539343731653934656666633336623733386339663439366433316633
63623961396162323565343163626336633432383162393464383536626333393966343335313564
64663961393834613435393632356331636338653730653664396366373730633533393433373665
39303438323839643734333561346662326331643938333666356432366566653738383765303464
38373139396665333737613762633465623636613236396634306564346432643138646232616237
36616635383736623931343139643561393333373432363165376234363134646134663064323831
36373933313864613433306239313531366139303362626136303664373832653261643764653333
33616163373531626539396664323036626336353834646331626335383562373238383534663930
34373466613165653966323634643636313565373437393539313464363564643632623766333962
64346136323738613961663664303330643665633039343132616165326635386366643031386438
38666566346664313263373430343232343764393238633066663262343234346338653965663139
65306264373065636161323262383062366439383566396264333666643266613334383864613061
32316466636535663639303165383733373737666438636533336263633865323864666165393535
35626664343763313464326163333138333134663565343736643139303966323139396630623931
62366637666632343634663663326365303162613331383664346366663635353961666665643036
35306662306466333932346565366632323861316138346662356236396331653132383664343339
65636266643162346438363831653964653932343732643533663565303038643133303866373033
35666238373361323833613038393464656461343733373530333763646163363562623439386465
64313634663237373764646631396434636264383630326431626237356564363135343833356431
62303430386232326466363737306366373133653464336136366436343139663433626365306238
34613432363331316635636662393735333031303962613337323231373937666537643732313239
61353330653634626163663065303134633032343265366334363637653037636365613231316266
33306637346435326537393236333330363233663265656431393230333466646435623038366263
39653465393435386665323864316436323230633766646435623632376130313866636433303639
37383231383361623661366633373135643664613034333837376663313362663431316165646565
36373265653764666534633139653137353337343966313665636462303866383530396137316437
62393465616238353930353938383739663636346562336332353636343263303165326265306461
30616332313738363935623832333338656639663065653565616262313037316334643733666633
37323763396432303734333765646130633635316362343337613633313635343962666162613130
33323530666334663466353638383137636339643462353335376634643337366632383461613532
65363834303333653861333534653536303533386439656365363430316637333362373430376161
34386165393366643732376133376665633537323364303865353365633265383334326232633762
62636264653531323139633166653535333065363936363066623631323332373531333333366561
64373961333230633530333563393434343666306333333138653838653664343233393931366164
62383135323639323931343363363163363166373361383839356436353238363338383662323566
37356235613761316664656433393261333164616362373437613066613964643030383235386538
35393132643232333464666535326133313931633665396463646562356432616334336239383133
66616230303766303933353463626338363330373664373934376538653339376434393836383062
36623432623137336339636137633765633464353533653164626464303938613037306530396364
65303635303936373134363736356437326164343836653734626531653264343664626233343839
65326664633330303663313135313031623732656636626365346562653665383165376466613333
63633634366562356539613165313131663361653964656337393633353437326535343337343136
34393132396430323439623362376565353430373639613263373438663431306466373961316530
65636236346434386336363031316237633336313939373036386131666334623966323237623336
63633336623964666262346363386461333736306439306633613162373862306664363763633438
33356135613439323536666636386430333134303232303831636363306537623535653664666266
33643762346335363264636232303736343730353534343066396233326461333637376362343732
66663637306639326164653336396339333262653864323862613066613565663635393866636137
64343531653036326562626335653865333065356565323161376139326538333932353931363464
62386138326564326236636161623938616262393234353362623930343735633137643936633730
62363966363432633039323239396637366431343033613134313366653938383435653461363662
34323066346231656537633439386130396531366231646330396565653635633238323633663038
32376539313636373637363136623563633264373565343066373165333164343637666631633938
66376331376463386663316566623162363561356533353432393266643631633231313131373330
30343932323266653862333661666466303430666636623733356461646238613236623161323561
61626266393136303863656438653764656463303230636430613363333934316434353333356164
36343363366434623230366536393436313237323163363136383665616638393135613433666365
39616237646161383162373135396433333838376362383939393665346539623663626430613939
38366632376337346565386438643166653263616635343665316264363033353837646365616431
64376337366532633135373334626161613131376366356165303633323836356537633239643734
39613335303234393762363630656462346637363131333363386337656335323431653537636666
62316231373438306239303632323865323863663561313035356364363836376163663666613562
35623037363463616664383430616665396464663831663338333039393839356664613837656536
66613938393332333139616338313833626335326432643865313937383235376335353430663432
66653462323238363830383662343439633432336665643236393438643361333334303936333437
64353166623365313632393635636564636532313034623461326564396162643732333030323164
35343062663730643966346537343230646238383866343430383364353331616334656666656631
32616565343461643864646233353131636265393339613630383065353761346661373261376164
34663330373733326439316537356330666165333633633064393665373039363166636663383966
35333933666263393836663232356131303936353861376464613731633832333366376434646465
35666636306665343763373265363539613032646637323137323630646662363433396235326530
38623037663461303864653564353366333763653833393737633432376432313261373135663637
30343431623730663336613236333632363639653839363864613038323830353031356133613534
35666136396636653962376439346334643135356633306135346433323232323764623164383764
34383434373039303862373463313262346539636561633262383432373933313533636464333233
31326232313862623732616531393031383332316438386231323062663666613864316562663535
33353865313838333633353732323865636666366537373439326664623866333336616665646133
31363966353138353830306362353264326537353537656531333462326164396366333338623264
65343837333365646532343738376437363134363061323430333036333430643362626132333536
30613230363131323566383963393565356361303734366631373937313365326562303466356533
39663239326662643461633736326235663536613839653934373336346164336235353130353532
39666433363733653739343134616437356337306437383830393065323362376464663064333439
30396439336532343634626362636133363664303237363564666536333665653464386666633836
36626233306632393039613031393434343466383264613433643662303765633464643663333137
31383637323062666338333534623466326232393432623632386133313330386466656639613961
63633763313361366430636466393766643131623831656637323838353064313833623933396665
66643239376336646635623862386462326265633430626237653761356639633938333233393936
386265666565333364393439373533373837
