$ANSIBLE_VAULT;1.1;AES256
63643336373665376434316639643937623064376533623361343263373434636465653636623562
6130386563666637323631386634356532663736663332650a383263343762326232636430363639
39363664376231356535613965306333376138396436373363323863623434316131616165303834
3030656666383132360a393436346230653463343438653439393165356465643030643563306461
31633162633639616233366564323962666466653836373431333639373432363563383162336665
35653437633834346366383935326330323865666530666337333038373363313465346237626265
37653132343738353131363565626261343035346231316566346666376131336237313065373432
33343231393033333837366561366136333461626239653733653163666131326535616235323961
35333031626162303936646463306163396136376533366531326434643936663665346231333832
62336638623133383361303166653533623665336134643834343962393866343138316333323335
38346236366537623566346234636666323434663664363866396563333263396462323136626339
61333533653462643637313332663532623336653732613561353038336639353237373034643762
66666664633637363163343764376231666537353735323538313266303130636337633266373030
62303135663865363932313461356336666664353038323936636330616639323636333263613363
35353738383630373839666232393431613838363266333133336363313464326638343333643564
32313466303136383463386265616637376133303865313036613035343865373831393532373931
62633161306439333963363432633864353830343138306130626432363064343166656163656366
32333032393866386563313861386361656663666331656665643036313331646464636133663165
65643466363066633238343038356665356137393036616661316530363363363633316630313562
31363465313839363538646538356366376333386461363636373931656466383366646262303263
63383439323731356633623134633733393038666138646263613366646365316663303964643034
32653736393137323764393336623133643936303033323538663337366537376462386535333634
36633830623939366330626138633262323836656233306236363736613631346433636432663966
34323735653938346231663139326335333831366537313130663135316665383236306665613030
34653762663765313739623235353137343462376136386633326164643836343561353265376263
63616366383438666262646430646435353632336666376439613539666465666434613463663161
30343266303038383730663563393936613963333239623835626238626339623932363166663031
39363431643130363237323832663063656431316362333135393930613737323566376664303232
37353339663932363634316430653936323036393034383737663364386563326465666535623264
64623837313763303932626435316237643364366139653238363637316264346464303938663931
31666534643363393139613539663033626637366335303162646164663237643738633062326562
34623530626166323935303837623431386438323233313730656337663361316530326363366430
64663931383031303832316365313331343637636539633261313632386430323434306335663862
64383634633761353138396231336235653135643961613933616665663736313737356530663164
64356332623434333463626131653137616631323763636239396163633262316264313530316264
61663237373137376363663161383432306366333762316163343437653735663564653138383630
32616430623837303432616238326465316434353936343339663137656135366331663134333265
30663439393430396336636434323361313536306361653933393136626464343936396233356637
64653839623462336264346336383064346631653333613463633839626435336430643236613537
34316262396437636665313230386132303563656265303836613065303962636230303562346136
64623136653738386634373531346432626232386637316230393266633162323638363964623938
39613334636165373435336436656636373663636630636630306138343661303530656261323664
34663365393532363832303662366439656230356665396330396138313835373936303230623031
61663466313336346432613637363637666564353635306466333134623338346336343334313237
64643938643539326136626630643031326632643930396431333265323531643336633033376431
38383864353638363664643235383133326332306431623331396538363636333236636336343534
33636539383333643635363636376231633566613133636566616531343261373737666539396334
37663561616362346566396339383837313263646234353830396435313137656539373038373935
62616434306265363335346236636330393337643437383466646337313631386364353233623939
65373233376466663437356661643663306236633761316130636234313232306665623661313830
66383963643864626164396465386637643131623936313237313861623564656234656266316563
32323338656636323964343738326137373433663731343431393063666336663836353134303962
65643335373537343836306631363762613633613531386533363935373263643231366463336339
66323239636637306435646539363962363735393435353032663331663866633838623261616463
36386462383039316538616630653664663237343730333863373432393463303136346238643335
65346137333437623362323361633232663231643662643662616365636337373333393065323231
61373030356539613530653232666235306337663462633339646434623966303266373362303638
38356335393163613561333337373437656166306162323139653431356664356138346461666139
62376262633766376435333131386566353062356634386536633062343432653464653835303364
64613130643064656463393162323263653861306130393964656531633164636430383364653339
64393534383634343866323139366265306364633834643230383130326239326239613365666562
63626230643362613663393762653235323335666637646635386336363661613636333332333930
66313037346337306339383530333334623530336361333732663263316637623233613733343563
31333861396138613132636230313463363834343937336136396339343734383330333866623966
35356462383864386265336533333461626463333330613339336332353335336433316636613835
30346165346231366166363139393539353638623737386633363662323965636431613838316535
62366266343961343832383263646135613639336633623361613961643561643363613565323230
66326538366234383630333435646332353839373666656635396663616364396466616165303432
30646234333438343939386666633734376466366137356339383661363366383539346132373132
64356334626236613264393663366163393339336236373666663030653061613138396238663064
65653736303732623766376264623361326233376139643633326430643764356263376466383131
66383937633463323338343033366333623565633930643263326432376563303864626361643832
66326537616665646463396265396261356134323062396238646135383139396637376532636362
63376432663463386565346263666132343664653234626464323437393438666366333666333161
39353963663564323034383639356265623536626564336131643332643439633561386563656132
37343330333264333437393332656337313863396533353661636162653465363138303462643334
38326662663965303463353562383832333862303430303065313966323266346363306131613036
64363230623630373035643066353133373132333464303637323836326333616433343233336535
32356264653537356532663232363230323362613731613134316233663533316238316261663366
61323461363233323361376639373661623232643864393665383830313336313061653762663537
35353930366265393935353763643931386664663364373334313433396337313762653133366334
62616464653132343039323866303030333930626631313134643633633436393461633664346139
37323336626439373262303134336232306263373431653333376366663237303265303238383961
36376234623737616263613366656363313638383531633362393861396663643138343330366134
39663137616366356137626366313362623534323562623537333132666462353962373032306430
63626434373534663864353363313833623530373461306166313866636333396664626531313331
32666234623466636131383536313661366636353066343137616631623532633363613333653037
63666135623837343364306131336331393164343561373133653137663331323964616335393932
32656635333030303861613666316439343364393134663036353266393566353035646664353732
39613265643465306230393937376330613038636432666363653065393836323638303864653438
35333136613732336433396664326131313264343763373735303737366635623161393639653231
66656235613465306434396234373866336530653362376239316639396665313661306631303839
61623062393662393936663863643465333862353965623165313461653062653466656431343032
34333631346666353566383030363537656137396664316436656162616230393434316466643934
33303863313531643761666562373563323134633062353964343336346132393532363164666333
34346332313864306361323533316634396363633031663463336263646536323363623539343063
65396366656536383465333765613236373836616633366130373739336165393866303336616338
39323032396562323162663234663266626461346538393530646532306138333432623163373533
30323239663736323564396332643161613765663931376563346337323030653164663466646564
36386131336136353964363534326230356536303034303037313530396131623635386261316363
39663561646266633532383537363938363339663662323131373934316537666465636466383936
66303563623566316161383433656665343833653937653633303334333636376430643632343635
63663531313766653935666331663565653439636435393934313435363431323933303137626237
62626664343232643839353338633465613163633163633233306462616333373139303930313365
33326237303363626236323237646533353432326637306466363663633561303966323531366632
37383765636462306232663333366161376439613732303661656533633166383162616130666133
32323065316361366235383431303563343661383239303363313466333663323032316361613831
37643637343361376431386165353532316662313939343632356364633933363461303566363432
66636335336435343661393334396538633437376531396266623638313039646464326633396464
66386265343431326333373231386261636439303562646166636261353730373366313234313039
65343537333461633163643665343663396664363835353865646637343462646339653734656435
36616331626366313737626332653637353335323765326236646637643063636164323933646665
65336462653732613037383866643138343562643537646638356661653661623662346537623734
38353265656233313865656138383836656263383063316564613863643833376434353261613436
32646634613461643134353437376338656538626565666365373763353561353164656463613664
39313736646238653132363564333765376162383766343836383162653532336536363665333530
65343034643665643230393564643130366235636233326337313035313237623738636131393038
66366133633735346263633837316231653262306636326632343735323635336361356166333632
31653633663632333030326432333761633866303232353137323330316237633835623661663730
37633731326337643635633763363135656365316331626266323133393732306261356361396661
36613234333535323366373561616165373439396131393132393731626437636633663564656364
36343535666535633638386331356265643931643133363161666265343438383239666662346636
33653138333931656462393833306632383262646564336431373461373639313339623335383632
33636432303636366562646361373331633262373238303730653664626163613034373332663730
61616166656366383237336139336266383265383030373237613730636334356266666236396334
31383933626635333162646233343636373061646163633830316131616436353937316161613137
32643162376665366365336235643664613937643366653465336139623537366664626337383163
62313534636237346132636233303734323539393932643635333662373137633130376130626635
65356162303662343731626431663132393639623365303063366537636163313731366566316338
66346462313535353632313230636435666266366539366436323066383634333830386631386664
66386666353261643735653832326135656264343338643533363031656233343164333338646265
34333933313730353865666631306330303161313165366235393139393162663134653636653365
39343337316636373461663836643933383263643462353939343133653531333637326130353064
61353736396237373862363336646364303039353439633936353862366331363331336332613865
62303230303630353862376332383737333634383965316464636432623533353962653935363133
64323038353737346366
